#Parameters = {ApertureA=7300; ApertureB=6000; Horn_Height=7300; ProbeHeight=1333; ProbeL=2000; ProbeR=24; ProbeRin=55; ProbeRout=72; Thickness=3; WGH=3200; WGL=3000; WGW=2000}
#"Frequency / GHz"	"S1,1 [Magnitude / dB]"
#-----------------------------------------
0.050000000745058	-2.3634275813768
0.050050001591444	-2.3993958646017
0.050099998712540	-2.4359169144004
0.050149999558926	-2.4729955439923
0.050200000405312	-2.5106372320081
0.050250001251698	-2.5488484853562
0.050299998372793	-2.5876344905543
0.050349999219179	-2.6270013219871
0.050400000065565	-2.6669556095733
0.050450000911951	-2.7075009816249
0.050500001758337	-2.7486453818611
0.050549998879433	-2.7903943959542
0.050599999725819	-2.8327541394528
0.050650000572205	-2.8757283086847
0.050700001418591	-2.9193234870625
0.050749998539686	-2.9635475164486
0.050799999386072	-3.0084035028830
0.050850000232458	-3.0538987085106
0.050900001078844	-3.1000375080255
0.050949998199940	-3.1468265154580
0.050999999046326	-3.1942718921000
0.051049999892712	-3.2423782596059
0.051100000739098	-3.2911532969380
0.051150001585484	-3.3406013035467
0.051199998706579	-3.3907271264643
0.051249999552965	-3.4415386639525
0.051300000399351	-3.4930414465194
0.051350001245737	-3.5452403919024
0.051399998366833	-3.5981435374663
0.051449999213219	-3.6517533216601
0.051500000059605	-3.7060779840720
0.051550000905991	-3.7611225011240
0.051600001752377	-3.8168944049329
0.051649998873472	-3.8733983800643
0.051699999719858	-3.9306427768744
0.051750000566244	-3.9886298914793
0.051800001412630	-4.0473702028131
0.051849998533726	-4.1068675425941
0.051899999380112	-4.1671286838916
0.051950000226498	-4.2281619746706
0.052000001072884	-4.2899705241756
0.052049998193979	-4.3525630137624
0.052099999040365	-4.4159476432245
0.052149999886751	-4.4801277757925
0.052200000733137	-4.5451117363947
0.052250001579523	-4.6109073990176
0.052299998700619	-4.6775226587821
0.052349999547005	-4.7449618515841
0.052400000393391	-4.8132353182713
0.052450001239777	-4.8823479262881
0.052499998360872	-4.9523099198249
0.052549999207258	-5.0231265604034
0.052600000053644	-5.0948067676836
0.052650000900030	-5.1673575129437
0.052700001746416	-5.2407886736438
0.052749998867512	-5.3151087731125
0.052799999713898	-5.3903240639123
0.052850000560284	-5.4664450705224
0.052900001406670	-5.5434799419165
0.052949998527765	-5.6214389597160
0.052999999374151	-5.7003288609762
0.053050000220537	-5.7801604277847
0.053100001066923	-5.8609430107434
0.053149998188019	-5.9426884409780
0.053199999034405	-6.0254048848908
0.053249999880791	-6.1091025495817
0.053300000727177	-6.1937918363008
0.053350001573563	-6.2794852847830
0.053399998694658	-6.3661934791324
0.053449999541044	-6.4539279854308
0.053500000387430	-6.5426994026440
0.053550001233816	-6.6325198969406
0.053599998354912	-6.7234043897216
0.053649999201298	-6.8153624306895
0.053700000047684	-6.9084079931238
0.053750000894070	-7.0025557461877
0.053800001740456	-7.0978167932812
0.053849998861551	-7.1942094088218
0.053899999707937	-7.2917456092375
0.053950000554323	-7.3904402589794
0.054000001400709	-7.4903088709968
0.054049998521805	-7.5913688548022
0.054099999368191	-7.6936349165428
0.054150000214577	-7.7971243362269
0.054200001060963	-7.9018542028020
0.054249998182058	-8.0078442539115
0.054299999028444	-8.1151118060326
0.054349999874830	-8.2236762667008
0.054400000721216	-8.3335554793232
0.054450001567602	-8.4447724808002
0.054499998688698	-8.5573465900814
0.054549999535084	-8.6713001677122
0.054600000381470	-8.7866553160347
0.054650001227856	-8.9034351697790
0.054699998348951	-9.0216635165154
0.054749999195337	-9.1413641340550
0.054800000041723	-9.2625642252696
0.054850000888109	-9.3852879196396
0.054900001734495	-9.5095656802329
0.054949998855591	-9.6354227227253
0.054999999701977	-9.7628884763287
0.055050000548363	-9.8919940935111
0.055100001394749	-10.022770902911
0.055149998515844	-10.155249843844
0.055199999362230	-10.289465270105
0.055250000208616	-10.425449829744
0.055300001055002	-10.563243667045
0.055349998176098	-10.702878658490
0.055399999022484	-10.844395626943
0.055449999868870	-10.987833339093
0.055500000715256	-11.133234730905
0.055550001561642	-11.280640035720
0.055599998682737	-11.430095359801
0.055649999529123	-11.581643978014
0.055700000375509	-11.735335695590
0.055750001221895	-11.891216886322
0.055799998342991	-12.049340365504
0.055849999189377	-12.209757283701
0.055900000035763	-12.372522106421
0.055950000882149	-12.537691401659
0.056000001728535	-12.705322700691
0.056049998849630	-12.875474841333
0.056099999696016	-13.048212371746
0.056150000542402	-13.223598459208
0.056200001388788	-13.401698169882
0.056249998509884	-13.582578884311
0.056299999356270	-13.766312704375
0.056350000202656	-13.952971505987
0.056400001049042	-14.142628207688
0.056449998170137	-14.335357728974
0.056499999016523	-14.531239393546
0.056549999862909	-14.730351372398
0.056600000709295	-14.932774205715
0.056650001555681	-15.138589918180
0.056699998676777	-15.347880555693
0.056749999523163	-15.560727687346
0.056800000369549	-15.777214547292
0.056850001215935	-15.997420142158
0.056899998337030	-16.221426560654
0.056949999183416	-16.449308882358
0.057000000029802	-16.681140602524
0.057050000876188	-16.916985711576
0.057100001722574	-17.156907926778
0.057149998843670	-17.400952239438
0.057199999690056	-17.649160352431
0.057250000536442	-17.901551240840
0.057300001382828	-18.158128000428
0.057349998503923	-18.418869665758
0.057399999350309	-18.683723279475
0.057450000196695	-18.952604228069
0.057500001043081	-19.225381122034
0.057549998164177	-19.501870796714
0.057599999010563	-19.781825913062
0.057649999856949	-20.064926872460
0.057700000703335	-20.350761380270
0.057750001549721	-20.638814211025
0.057799998670816	-20.928444214445
0.057849999517202	-21.218870711803
0.057900000363588	-21.509146453403
0.057950001209974	-21.798141578451
0.057999998331070	-22.084519148808
0.058049999177456	-22.366714272453
0.058100000023842	-22.642928230875
0.058150000870228	-22.911107977151
0.058200001716614	-23.168967865423
0.058249998837709	-23.413993770175
0.058299999684095	-23.643492991840
0.058350000530481	-23.854650908827
0.058400001376867	-24.044626015826
0.058449998497963	-24.210653860543
0.058499999344349	-24.350177452027
0.058550000190735	-24.460994180808
0.058600001037121	-24.541376594990
0.058649998158216	-24.590198964639
0.058699999004602	-24.607009484121
0.058749999850988	-24.592058794714
0.058800000697374	-24.546294694910
0.058850001543760	-24.471282710024
0.058899998664856	-24.369105538885
0.058949999511242	-24.242233003865
0.059000000357628	-24.093382846171
0.059050001204014	-23.925389253673
0.059099998325109	-23.741081413025
0.059149999171495	-23.543192340826
0.059200000017881	-23.334290018993
0.059250000864267	-23.116727896957
0.059300001710653	-22.892622225686
0.059349998831749	-22.663842567339
0.059399999678135	-22.432014080938
0.059450000524521	-22.198538917974
0.059500001370907	-21.964600587603
0.059549998492002	-21.731192521472
0.059599999338388	-21.499142144793
0.059650000184774	-21.269123030876
0.059700001031160	-21.041685216040
0.059749998152256	-20.817264761039
0.059799998998642	-20.596207045536
0.059849999845028	-20.378776276962
0.059900000691414	-20.165171537005
0.059950001537800	-19.955536484580
0.059999998658895	-19.749967618543
0.060049999505281	-19.548524075968
0.060100000351667	-19.351235186863
0.060150001198053	-19.158102996993
0.060199998319149	-18.969109664389
0.060249999165535	-18.784220834522
0.060300000011921	-18.603388125419
0.060350000858307	-18.426555586274
0.060400001704693	-18.253656065433
0.060449998825788	-18.084616473455
0.060499999672174	-17.919362318282
0.060550000518560	-17.757813232927
0.060600001364946	-17.599887359406
0.060649998486042	-17.445500217448
0.060699999332428	-17.294570362625
0.060750000178814	-17.147013360614
0.060800001025200	-17.002746442219
0.060849998146296	-16.861689074423
0.060899998992682	-16.723760400581
0.060949999839067	-16.588879514195
0.061000000685453	-16.456971044920
0.061050001531839	-16.327957754508
0.061099998652935	-16.201767276771
0.061149999499321	-16.078329466750
0.061200000345707	-15.957571337177
0.061250001192093	-15.839427450586
0.061299998313189	-15.723831505071
0.061349999159575	-15.610718943682
0.061400000005960	-15.500029607698
0.061450000852346	-15.391704213761
0.061500001698732	-15.285684924060
0.061549998819828	-15.181914007095
0.061599999666214	-15.080339699259
0.061650000512600	-14.980907878360
0.061700001358986	-14.883571187973
0.061749998480082	-14.788278389601
0.061799999326468	-14.694983044991
0.061850000172853	-14.603637797277
0.061900001019239	-14.514201871212
0.061949998140335	-14.426632276358
0.061999998986721	-14.340887062854
0.062049999833107	-14.256925091245
0.062100000679493	-14.174709995644
0.062150001525879	-14.094205557678
0.062199998646975	-14.015373452014
0.062249999493361	-13.938179440799
0.062300000339746	-13.862592651484
0.062350001186132	-13.788578180368
0.062399998307228	-13.716106650743
0.062449999153614	-13.645145152315
0.062500000000000	-13.575665508102
0.062550000846386	-13.507640616673
0.062600001692772	-13.441041141876
0.062650002539158	-13.375842526551
0.062700003385544	-13.312017624438
0.062749996781349	-13.249541077098
0.062799997627735	-13.188389903185
0.062849998474121	-13.128540178308
0.062899999320507	-13.069970297302
0.062950000166893	-13.012657403110
0.063000001013279	-12.956579905611
0.063050001859665	-12.901717583931
0.063100002706051	-12.848050693838
0.063150003552437	-12.795559012514
0.063199996948242	-12.744224939544
0.063249997794628	-12.694030117869
0.063299998641014	-12.644954417982
0.063349999487400	-12.596984314607
0.063400000333786	-12.550100434839
0.063450001180172	-12.504288924967
0.063500002026558	-12.459531264211
0.063550002872944	-12.415815274228
0.063600003719330	-12.373122974462
0.063649997115135	-12.331441716441
0.063699997961521	-12.290758626621
0.063749998807907	-12.251057662771
0.063799999654293	-12.212327627620
0.063850000500679	-12.174553472444
0.063900001347065	-12.137725582354
0.063950002193451	-12.101829711219
0.064000003039837	-12.066854255161
0.064049996435642	-12.032787622128
0.064099997282028	-11.999620200179
0.064149998128414	-11.967339959151
0.064199998974800	-11.935936169720
0.064249999821186	-11.905398506438
0.064300000667572	-11.875717876458
0.064350001513958	-11.846883559391
0.064400002360344	-11.818886974895
0.064450003206730	-11.791717274601
0.064499996602535	-11.765366762483
0.064549997448921	-11.739827042125
0.064599998295307	-11.715088113961
0.064649999141693	-11.691143049024
0.064699999988079	-11.667983846709
0.064750000834465	-11.645602031664
0.064800001680851	-11.623988908268
0.064850002527237	-11.603138309681
0.064900003373623	-11.583043230249
0.064949996769428	-11.563695375665
0.064999997615814	-11.545088793087
0.065049998462200	-11.527215220385
0.065099999308586	-11.510070411072
0.065150000154972	-11.493647945234
0.065200001001358	-11.477939743053
0.065250001847744	-11.462939166737
0.065300002694130	-11.448643860492
0.065350003540516	-11.435043169600
0.065399996936321	-11.422136514040
0.065449997782707	-11.409914088162
0.065499998629093	-11.398373083916
0.065549999475479	-11.387508448325
0.065600000321865	-11.377313414434
0.065650001168251	-11.367784426121
0.065700002014637	-11.358916591183
0.065750002861023	-11.350703055781
0.065800003707409	-11.343142625329
0.065849997103214	-11.336228249642
0.065899997949600	-11.329956644306
0.065949998795986	-11.324322250032
0.065999999642372	-11.319323308581
0.066050000488758	-11.314955132312
0.066100001335144	-11.311211761103
0.066150002181530	-11.308091017622
0.066200003027916	-11.305588535552
0.066249996423721	-11.303702711504
0.066299997270107	-11.302425068937
0.066349998116493	-11.301757636304
0.066399998962879	-11.301695143282
0.066449999809265	-11.302231687525
0.066500000655651	-11.303367279628
0.066550001502037	-11.305097461556
0.066600002348423	-11.307419321784
0.066650003194809	-11.310330502357
0.066699996590614	-11.313826055795
0.066749997437000	-11.317905775036
0.066799998283386	-11.322565210940
0.066849999129772	-11.327801010756
0.066899999976158	-11.333612109974
0.066950000822544	-11.339993819419
0.067000001668930	-11.346945653245
0.067050002515316	-11.354465324399
0.067100003361702	-11.362547801699
0.067149996757507	-11.371194661150
0.067199997603893	-11.380398902556
0.067249998450279	-11.390161044856
0.067299999296665	-11.400477973063
0.067350000143051	-11.411346865565
0.067400000989437	-11.422769350854
0.067450001835823	-11.434737110081
0.067500002682209	-11.447251115849
0.067550003528595	-11.460310106801
0.067599996924400	-11.473910493581
0.067649997770786	-11.488050453564
0.067699998617172	-11.502728964330
0.067749999463558	-11.517942047487
0.067800000309944	-11.533689083176
0.067850001156330	-11.549968036453
0.067900002002716	-11.566775694389
0.067950002849102	-11.584111288922
0.068000003695488	-11.601971813897
0.068049997091293	-11.620355462009
0.068099997937679	-11.639261372872
0.068149998784065	-11.658684695777
0.068199999630451	-11.678627607928
0.068250000476837	-11.699083313733
0.068300001323223	-11.720052925277
0.068350002169609	-11.741533150328
0.068400003015995	-11.763521038339
0.068449996411800	-11.786015414880
0.068499997258186	-11.809012977116
0.068549998104572	-11.832513800697
0.068599998950958	-11.856511167841
0.068649999797344	-11.881006966986
0.068700000643730	-11.905995899797
0.068750001490116	-11.931477277088
0.068800002336502	-11.957445880373
0.068850003182888	-11.983900413403
0.068899996578693	-12.010838669402
0.068949997425079	-12.038257172236
0.068999998271465	-12.066153739311
0.069049999117851	-12.094522954419
0.069099999964237	-12.123363106317
0.069150000810623	-12.152671647833
0.069200001657009	-12.182442449400
0.069250002503395	-12.212673007441
0.069300003349781	-12.243360248776
0.069349996745586	-12.274498730868
0.069399997591972	-12.306086815895
0.069449998438358	-12.338118140636
0.069499999284744	-12.370588316518
0.069550000131130	-12.403493184115
0.069600000977516	-12.436828400886
0.069650001823902	-12.470586768250
0.069700002670288	-12.504765911829
0.069750003516674	-12.539358335516
0.069799996912479	-12.574358866179
0.069849997758865	-12.609760192105
0.069899998605251	-12.645559724654
0.069949999451637	-12.681746594828
0.070000000298023	-12.718315476544
0.070050001144409	-12.755260355644
0.070100001990795	-12.792574018565
0.070150002837181	-12.830246759548
0.070200003683567	-12.868273673621
0.070249997079372	-12.906642735134
0.070299997925758	-12.945347485216
0.070349998772144	-12.984377693597
0.070399999618530	-13.023724471173
0.070450000464916	-13.063377939249
0.070500001311302	-13.103327964279
0.070550002157688	-13.143565016669
0.070600003004074	-13.184076146275
0.070649996399879	-13.224850280163
0.070699997246265	-13.265876493892
0.070749998092651	-13.307141176520
0.070799998939037	-13.348631489610
0.070849999785423	-13.390336614797
0.070900000631809	-13.432238439877
0.070950001478195	-13.474325161617
0.071000002324581	-13.516582476753
0.071050003170967	-13.558993224662
0.071099996566772	-13.601543331519
0.071149997413158	-13.644215049096
0.071199998259544	-13.686991599669
0.071249999105930	-13.729854620665
0.071299999952316	-13.772786122411
0.071350000798702	-13.815768480742
0.071400001645088	-13.858782344326
0.071450002491474	-13.901806773758
0.071500003337860	-13.944821151986
0.071549996733665	-13.987804336630
0.071599997580051	-14.030736269268
0.071649998426437	-14.073591641978
0.071699999272823	-14.116349647962
0.071750000119209	-14.158987115060
0.071800000965595	-14.201477046210
0.071850001811981	-14.243798282208
0.071900002658367	-14.285922969090
0.071950003504753	-14.327826611973
0.071999996900558	-14.369481277867
0.072049997746944	-14.410860965875
0.072099998593330	-14.451940234988
0.072149999439716	-14.492687336976
0.072200000286102	-14.533075945286
0.072250001132488	-14.573078202975
0.072300001978874	-14.612662516518
0.072350002825260	-14.651800094192
0.072400003671646	-14.690461128079
0.072449997067451	-14.728615125630
0.072499997913837	-14.766231702534
0.072549998760223	-14.803280154898
0.072599999606609	-14.839729451361
0.072650000452995	-14.875548871892
0.072700001299381	-14.910705711405
0.072750002145767	-14.945171478691
0.072800002992153	-14.978911331588
0.072849996387959	-15.011896612714
0.072899997234344	-15.044098097463
0.072949998080730	-15.075481990822
0.072999998927116	-15.106019153947
0.073049999773502	-15.135679740737
0.073100000619888	-15.164435202414
0.073150001466274	-15.192254291801
0.073200002312660	-15.219111049499
0.073250003159046	-15.244976589716
0.073299996554852	-15.269824067846
0.073349997401237	-15.293628862909
0.073399998247623	-15.316363726689
0.073449999094009	-15.338004867770
0.073499999940395	-15.358530042237
0.073550000786781	-15.377917374149
0.073600001633167	-15.396143453465
0.073650002479553	-15.413193027449
0.073700003325939	-15.429044481063
0.073749996721745	-15.443682077975
0.073799997568130	-15.457091564301
0.073849998414516	-15.469255751319
0.073899999260902	-15.480165822798
0.073950000107288	-15.489808782706
0.074000000953674	-15.498176219586
0.074050001800060	-15.505260137298
0.074100002646446	-15.511056411312
0.074150003492832	-15.515557790225
0.074199996888638	-15.518764236914
0.074249997735023	-15.520674115601
0.074299998581409	-15.521287267102
0.074349999427795	-15.520609629965
0.074400000274181	-15.518642364527
0.074450001120567	-15.515392432986
0.074500001966953	-15.510867182169
0.074550002813339	-15.505077823374
0.074600003659725	-15.498033189197
0.074649997055531	-15.489745350149
0.074699997901917	-15.480230245824
0.074749998748302	-15.469501669256
0.074799999594688	-15.457577294913
0.074850000441074	-15.444474824495
0.074900001287460	-15.430212725294
0.074950002133846	-15.414812738748
0.075000002980232	-15.398297359673
0.075049996376038	-15.380686096461
0.075099997222424	-15.362005848323
0.075149998068810	-15.342279980675
0.075199998915195	-15.321533777199
0.075249999761581	-15.299793409487
0.075300000607967	-15.277086171188
0.075350001454353	-15.253441057153
0.075400002300739	-15.228882935104
0.075450003147125	-15.203441207216
0.075499996542931	-15.177146790080
0.075549997389317	-15.150026401625
0.075599998235703	-15.122110735558
0.075649999082088	-15.093429115812
0.075699999928474	-15.064010631528
0.075750000774860	-15.033885941285
0.075800001621246	-15.003085287289
0.075850002467632	-14.971635617879
0.075900003314018	-14.939569174266
0.075949996709824	-14.906913374459
0.075999997556210	-14.873698562191
0.076049998402596	-14.839952624526
0.076099999248981	-14.805704645169
0.076150000095367	-14.770982387468
0.076200000941753	-14.735813385788
0.076250001788139	-14.700225224576
0.076300002634525	-14.664245101836
0.076350003480911	-14.627898954884
0.076399996876717	-14.591211591609
0.076449997723103	-14.554208637584
0.076499998569489	-14.516915873677
0.076549999415874	-14.479357152595
0.076600000262260	-14.441555095575
0.076650001108646	-14.403533142854
0.076700001955032	-14.365312798299
0.076750002801418	-14.326917085235
0.076800003647804	-14.288366411967
0.076849997043610	-14.249680682894
0.076899997889996	-14.210881134159
0.076949998736382	-14.171985337085
0.076999999582767	-14.133012130019
0.077050000429153	-14.093981296610
0.077100001275539	-14.054907486793
0.077150002121925	-14.015808001997
0.077200002968311	-13.976699849985
0.077249996364117	-13.937597991580
0.077299997210503	-13.898517215044
0.077349998056889	-13.859471759482
0.077399998903275	-13.820475307203
0.077449999749660	-13.781541169680
0.077500000596046	-13.742680570897
0.077550001442432	-13.703906608353
0.077600002288818	-13.665231568314
0.077650003135204	-13.626664515411
0.077699996531010	-13.588216484448
0.077749997377396	-13.549898491257
0.077799998223782	-13.511718299270
0.077849999070168	-13.473685832813
0.077899999916553	-13.435808739307
0.077950000762939	-13.398095156168
0.078000001609325	-13.360553640646
0.078050002455711	-13.323190369870
0.078100003302097	-13.286012726969
0.078149996697903	-13.249026599308
0.078199997544289	-13.212237303740
0.078249998390675	-13.175651948641
0.078299999237061	-13.139274290172
0.078350000083447	-13.103109963717
0.078400000929832	-13.067162834804
0.078450001776218	-13.031439528930
0.078500002622604	-12.995940288314
0.078550003468990	-12.960670579299
0.078599996864796	-12.925633958195
0.078649997711182	-12.890832344360
0.078699998557568	-12.856269644864
0.078749999403954	-12.821948800214
0.078800000250340	-12.787871036892
0.078850001096725	-12.754038581219
0.078900001943111	-12.720453361943
0.078950002789497	-12.687116840661
0.079000003635883	-12.654030631446
0.079049997031689	-12.621196903798
0.079099997878075	-12.588614836687
0.079149998724461	-12.556286525581
0.079199999570847	-12.524212914943
0.079250000417233	-12.492394216344
0.079300001263618	-12.460830789527
0.079350002110004	-12.429522974406
0.079400002956390	-12.398471002815
0.079449996352196	-12.367674661724
0.079499997198582	-12.337134762169
0.079549998044968	-12.306850585372
0.079599998891354	-12.276821838659
0.079649999737740	-12.247047852845
0.079700000584126	-12.217528302042
0.079750001430511	-12.188263601004
0.079800002276897	-12.159253072704
0.079850003123283	-12.130494939640
0.079899996519089	-12.101989101950
0.079949997365475	-12.073734914936
0.079999998211861	-12.045731290853
0.080049999058247	-12.017978672581
0.080099999904633	-11.990474449012
0.080150000751019	-11.963218121178
0.080200001597404	-11.936209720779
0.080250002443790	-11.909447262907
0.080300003290176	-11.882930843669
0.080349996685982	-11.856657537334
0.080399997532368	-11.830628514974
0.080449998378754	-11.804842970881
0.080499999225140	-11.779297104650
0.080550000071526	-11.753992169320
0.080600000917912	-11.728926469928
0.080650001764297	-11.704098340424
0.080700002610683	-11.679507153729
0.080750003457069	-11.655153344231
0.080799996852875	-11.631033354059
0.080849997699261	-11.607148648236
0.080899998545647	-11.583496872731
0.080949999392033	-11.560077464136
0.081000000238419	-11.536889149636
0.081050001084805	-11.513930560114
0.081100001931190	-11.491200482835
0.081150002777576	-11.468699639869
0.081200003623962	-11.446426715679
0.081249997019768	-11.424378698805
0.081299997866154	-11.402556510678
0.081349998712540	-11.380959920740
0.081399999558926	-11.359586085536
0.081450000405312	-11.338434068637
0.081500001251698	-11.317505656604
0.081550002098083	-11.296797310903
0.081600002944469	-11.276309092792
0.081649996340275	-11.256041193047
0.081699997186661	-11.235991016733
0.081749998033047	-11.216158631321
0.081799998879433	-11.196542821949
0.081849999725819	-11.177143624334
0.081900000572205	-11.157958768356
0.081950001418591	-11.138988735478
0.082000002264977	-11.120231387174
0.082050003111362	-11.101687076683
0.082099996507168	-11.083354631528
0.082149997353554	-11.065232632949
0.082199998199940	-11.047319460041
0.082249999046326	-11.029615303944
0.082299999892712	-11.012120649183
0.082350000739098	-10.994830736152
0.082400001585484	-10.977747857657
0.082450002431870	-10.960868122564
0.082500003278255	-10.944192444098
0.082549996674061	-10.927718643267
0.082599997520447	-10.911445647700
0.082649998366833	-10.895373744255
0.082699999213219	-10.879499658733
0.082750000059605	-10.863820885768
0.082800000905991	-10.848339872882
0.082850001752377	-10.833050113823
0.082900002598763	-10.817953587108
0.082950003445148	-10.803047700148
0.082999996840954	-10.788330459377
0.083049997687340	-10.773798798142
0.083099998533726	-10.759453936774
0.083149999380112	-10.745291114549
0.083200000226498	-10.731307700639
0.083250001072884	-10.717502419908
0.083300001919270	-10.703872733867
0.083350002765656	-10.690415915093
0.083400003612041	-10.677130897835
0.083449997007847	-10.664011319980
0.083499997854233	-10.651057084305
0.083549998700619	-10.638265347972
0.083599999547005	-10.625629496521
0.083650000393391	-10.613150916900
0.083700001239777	-10.600822250027
0.083750002086163	-10.588641762469
0.083800002932549	-10.576605676807
0.083849996328354	-10.564707725084
0.083899997174740	-10.552946579073
0.083949998021126	-10.541315781684
0.083999998867512	-10.529812949218
0.084049999713898	-10.518430004961
0.084100000560284	-10.507166133328
0.084150001406670	-10.496013600699
0.084200002253056	-10.484966505405
0.084250003099442	-10.474021285016
0.084299996495247	-10.463172073705
0.084349997341633	-10.452413446586
0.084399998188019	-10.441737022828
0.084449999034405	-10.431137673460
0.084499999880791	-10.420610029035
0.084550000727177	-10.410145609254
0.084600001573563	-10.399740266048
0.084650002419949	-10.389383261769
0.084700003266335	-10.379070551547
0.084749996662140	-10.368793761789
0.084799997508526	-10.358543173670
0.084849998354912	-10.348312719149
0.084899999201298	-10.338095082357
0.084950000047684	-10.327881036752
0.085000000894070	-10.317661685961
0.085050001740456	-10.307428272680
0.085100002586842	-10.297174170683
0.085150003433228	-10.286886882847
0.085199996829033	-10.276559577669
0.085249997675419	-10.266182195849
0.085299998521805	-10.255746144218
0.085349999368191	-10.245238837220
0.085400000214577	-10.234655229141
0.085450001060963	-10.223981498220
0.085500001907349	-10.213207314810
0.085550002753735	-10.202323889462
0.085600003600121	-10.191321399868
0.085649996995926	-10.180187117603
0.085699997842312	-10.168914731374
0.085749998688698	-10.157488372853
0.085799999535084	-10.145901246515
0.085850000381470	-10.134138946086
0.085900001227856	-10.122194076040
0.085950002074242	-10.110054471288
0.086000002920628	-10.097708942760
0.086049996316433	-10.085147574321
0.086099997162819	-10.072358104273
0.086149998009205	-10.059329975338
0.086199998855591	-10.046052563911
0.086249999701977	-10.032516370939
0.086300000548363	-10.018710132454
0.086350001394749	-10.004622639626
0.086400002241135	-9.9902433649495
0.086450003087521	-9.9755625713123
0.086499996483326	-9.9605714396650
0.086549997329712	-9.9452575641885
0.086599998176098	-9.9296118652712
0.086649999022484	-9.9136261857697
0.086699999868870	-9.8972905369859
0.086750000715256	-9.8805952765935
0.086800001561642	-9.8635322378139
0.086850002408028	-9.8460940010942
0.086900003254414	-9.8282693785051
0.086949996650219	-9.8100535735380
0.086999997496605	-9.7914384665972
0.087049998342991	-9.7724167035736
0.087099999189377	-9.7529814862038
0.087150000035763	-9.7331257410671
0.087200000882149	-9.7128456739735
0.087250001728535	-9.6921332682550
0.087300002574921	-9.6709868513191
0.087350003421307	-9.6494001672965
0.087399996817112	-9.6273686287187
0.087449997663498	-9.6048893968520
0.087499998509884	-9.5819591816101
0.087549999356270	-9.5585767523670
0.087600000202656	-9.5347387338004
0.087650001049042	-9.5104440389438
0.087700001895428	-9.4856931921866
0.087750002741814	-9.4604845044249
0.087800003588200	-9.4348194031429
0.087849996984005	-9.4086962289281
0.087899997830391	-9.3821195172089
0.087949998676777	-9.3550910395158
0.087999999523163	-9.3276111925781
0.088050000369549	-9.2996847299163
0.088100001215935	-9.2713147194241
0.088150002062321	-9.2425058075756
0.088200002908707	-9.2132631126328
0.088249996304512	-9.1835912356863
0.088299997150898	-9.1534970180651
0.088349997997284	-9.1229874776181
0.088399998843670	-9.0920675611051
0.088449999690056	-9.0607457276984
0.088500000536442	-9.0290313852669
0.088550001382828	-8.9969321410829
0.088600002229214	-8.9644564870243
0.088650003075600	-8.9316146905076
0.088699996471405	-8.8984168156856
0.088749997317791	-8.8648745347679
0.088799998164177	-8.8309943754057
0.088849999010563	-8.7967922069416
0.088899999856949	-8.7622765960335
0.088950000703335	-8.7274630847017
0.089000001549721	-8.6923615557110
0.089050002396107	-8.6569843509709
0.089100003242493	-8.6213463722893
0.089149996638298	-8.5854593360467
0.089199997484684	-8.5493376175555
0.089249998331070	-8.5129950210540
0.089299999177456	-8.4764463136507
0.089350000023842	-8.4397036186653
0.089400000870228	-8.4027854690703
0.089450001716614	-8.3657033026988
0.089500002563000	-8.3284716183259
0.089550003409386	-8.2911080039790
0.089599996805191	-8.2536260304516
0.089649997651577	-8.2160411918658
0.089699998497963	-8.1783687355875
0.089749999344349	-8.1406256167845
0.089800000190735	-8.1028243279452
0.089850001037121	-8.0649827703452
0.089900001883507	-8.0271167069356
0.089950002729893	-7.9892393548458
0.090000003576279	-7.9513675549274
0.090049996972084	-7.9135169062050
0.090099997818470	-7.8757036974845
0.090149998664856	-7.8379419814177
0.090199999511242	-7.8002470083090
0.090250000357628	-7.7626340509213
0.090300001204014	-7.7251194610072
0.090350002050400	-7.6877159279615
0.090400002896786	-7.6504406452806
0.090449996292591	-7.6133080085117
0.090499997138977	-7.5763310075728
0.090549997985363	-7.5395267550156
0.090599998831749	-7.5029065349802
0.090649999678135	-7.4664867184017
0.090700000524521	-7.4302798436399
0.090750001370907	-7.3943005656550
0.090800002217293	-7.3585620526078
0.090850003063679	-7.3230778547134
0.090899996459484	-7.2878624350993
0.090949997305870	-7.2529267700587
0.090999998152256	-7.2182837024649
0.091049998998642	-7.1839474342904
0.091099999845028	-7.1499289026464
0.091150000691414	-7.1162411935757
0.091200001537800	-7.0828960085857
0.091250002384186	-7.0499029503639
0.091300003230572	-7.0172770929579
0.091349996626377	-6.9850273886075
0.091399997472763	-6.9531637584280
0.091449998319149	-6.9216996736303
0.091499999165535	-6.8906430425294
0.091550000011921	-6.8600061577110
0.091600000858307	-6.8297983107989
0.091650001704693	-6.8000287461092
0.091700002551079	-6.7707067025362
0.091750003397465	-6.7418433571319
0.091799996793270	-6.7134452361336
0.091849997639656	-6.6855233550377
0.091899998486042	-6.6580828442033
0.091949999332428	-6.6311351006211
0.092000000178814	-6.6046883337654
0.092050001025200	-6.5787483013146
0.092100001871586	-6.5533230628740
0.092150002717972	-6.5284207788099
0.092200003564358	-6.5040467757418
0.092249996960163	-6.4802091562963
0.092299997806549	-6.4569144174368
0.092349998652935	-6.4341684923230
0.092399999499321	-6.4119781364287
0.092450000345707	-6.3903471861787
0.092500001192093	-6.3692826873934
0.092550002038479	-6.3487900566747
0.092600002884865	-6.3288737206907
0.092649996280670	-6.3095394737412
0.092699997127056	-6.2907892025046
0.092749997973442	-6.2726295592137
0.092799998819828	-6.2550637952113
0.092849999666214	-6.2380941618072
0.092900000512600	-6.2217276220711
0.092950001358986	-6.2059634255590
0.093000002205372	-6.1908080275617
0.093050003051758	-6.1762620476285
0.093099996447563	-6.1623279876331
0.093149997293949	-6.1490103753622
0.093199998140335	-6.1363063828986
0.093249998986721	-6.1242213110802
0.093299999833107	-6.1127559839001
0.093350000679493	-6.1019122519927
0.093400001525879	-6.0916873636476
0.093450002372265	-6.0820848010896
0.093500003218651	-6.0731039209403
0.093549996614456	-6.0647448281952
0.093599997460842	-6.0570087121816
0.093649998307228	-6.0498922129447
0.093699999153614	-6.0433941691338
0.093750000000000	-6.0375158464532
0.093800000846386	-6.0322545013100
0.093850001692772	-6.0276064425035
0.093900002539158	-6.0235728390198
0.093950003385544	-6.0201469402616
0.093999996781349	-6.0173291126855
0.094049997627735	-6.0151163318936
0.094099998474121	-6.0135010212874
0.094149999320507	-6.0124841414180
0.094200000166893	-6.0120560186115
0.094250001013279	-6.0122169430664
0.094300001859665	-6.0129590015319
0.094350002706051	-6.0142771882772
0.094400003552437	-6.0161667917378
0.094449996948242	-6.0186194793241
0.094499997794628	-6.0216303050381
0.094549998641014	-6.0251907089236
0.094599999487400	-6.0292930046733
0.094650000333786	-6.0339304814896
0.094700001180172	-6.0390934621022
0.094750002026558	-6.0447736240573
0.094800002872944	-6.0509623367945
0.094850003719330	-6.0576490591899
0.094899997115135	-6.0648231365742
0.094949997961521	-6.0724743348100
0.094999998807907	-6.0805918788218
0.095049999654293	-6.0891618573208
0.095100000500679	-6.0981722207478
0.095150001347065	-6.1076140067209
0.095200002193451	-6.1174684992107
0.095250003039837	-6.1277255945434
0.095299996435642	-6.1383703938740
0.095349997282028	-6.1493853279649
0.095399998128414	-6.1607575141383
0.095449998974800	-6.1724717438988
0.095499999821186	-6.1845075375588
0.095550000667572	-6.1968510471611
0.095600001513958	-6.2094828769048
0.095650002360344	-6.2223860845383
0.095700003206730	-6.2355421634311
0.095749996602535	-6.2489299134528
0.095799997448921	-6.2625281921169
0.095849998295307	-6.2763217827464
0.095899999141693	-6.2902836835803
0.095949999988079	-6.3043961811759
0.096000000834465	-6.3186372223984
0.096050001680851	-6.3329823721404
0.096100002527237	-6.3474094823389
0.096150003373623	-6.3618920322451
0.096199996769428	-6.3764114813113
0.096249997615814	-6.3909409751512
0.096299998462200	-6.4054529066793
0.096349999308586	-6.4199242588535
0.096400000154972	-6.4343301000404
0.096450001001358	-6.4486435613447
0.096500001847744	-6.4628366076439
0.096550002694130	-6.4768861675911
0.096600003540516	-6.4907617950774
0.096649996936321	-6.5044380200876
0.096699997782707	-6.5178862391246
0.096749998629093	-6.5310790313222
0.096799999475479	-6.5439926368041
0.096850000321865	-6.5565934369812
0.096900001168251	-6.5688588362487
0.096950002014637	-6.5807563184277
0.097000002861023	-6.5922643249765
0.097050003707409	-6.6033520227151
0.097099997103214	-6.6139914608496
0.097149997949600	-6.6241575593648
0.097199998795986	-6.6338252801171
0.097249999642372	-6.6429658334304
0.097300000488758	-6.6515538760469
0.097350001335144	-6.6595665475619
0.097400002181530	-6.6669795964616
0.097450003027916	-6.6737664445727
0.097499996423721	-6.6799042324829
0.097549997270107	-6.6853753182071
0.097599998116493	-6.6901543367288
0.097649998962879	-6.6942200253182
0.097699999809265	-6.6975568337257
0.097750000655651	-6.7001441059171
0.097800001502037	-6.7019652959384
0.097850002348423	-6.7030036359954
0.097900003194809	-6.7032462914976
0.097949996590614	-6.7026760861495
0.097999997437000	-6.7012839385214
0.098049998283386	-6.6990555847840
0.098099999129772	-6.6959868334623
0.098149999976158	-6.6920649123425
0.098200000822544	-6.6872832576199
0.098250001668930	-6.6816394003784
0.098300002515316	-6.6751295653751
0.098350003361702	-6.6677495764520
0.098399996757507	-6.6594983472755
0.098449997603893	-6.6503782451600
0.098499998450279	-6.6403925074428
0.098549999296665	-6.6295432068464
0.098600000143051	-6.6178370823199
0.098650000989437	-6.6052801431620
0.098700001835823	-6.5918821367603
0.098750002682209	-6.5776506864896
0.098800003528595	-6.5625969915035
0.098849996924400	-6.5467352145929
0.098899997770786	-6.5300798097855
0.098949998617172	-6.5126441529987
0.098999999463558	-6.4944459102802
0.099050000309944	-6.4755026256365
0.099100001156330	-6.4558301583425
0.099150002002716	-6.4354522830980
0.099200002849102	-6.4143891085412
0.099250003695488	-6.3926589409311
0.099299997091293	-6.3702881376622
0.099349997937679	-6.3472991114325
0.099399998784065	-6.3237149558656
0.099449999630451	-6.2995624748099
0.099500000476837	-6.2748648428471
0.099550001323223	-6.2496513286842
0.099600002169609	-6.2239455546569
0.099650003015995	-6.1977735957928
0.099699996411800	-6.1711665145445
0.099749997258186	-6.1441490091728
0.099799998104572	-6.1167506665816
0.099849998950958	-6.0889989399525
0.099899999797344	-6.0609195081176
0.099950000643730	-6.0325443959681
0.10000000149012	-6.0039000209573
